,#time,date,susceptible,exposed,infectious,recovered,dead,immune,num infections today,num hospitalisations today,hospital bed occupancy,num hospitalisations today (data),cum num hospitalisations today,cum num infections today
0,1,2/3/2020,321848,26263,11420,2588,2,0,8715,10,28,0.0,10,8715
1,2,3/3/2020,312060,30818,15524,3716,3,0,9789,18,45,0.0,28,18504
2,3,4/3/2020,301885,34576,20315,5342,3,0,10176,24,68,0.0,52,28680
3,4,5/3/2020,291554,37377,25645,7541,4,0,10331,28,93,0.0,80,39011
4,5,6/3/2020,280391,40006,31121,10597,6,0,11163,31,118,0.0,111,50174
5,6,7/3/2020,268244,42709,36738,14424,6,0,12147,64,178,0.0,175,62321
6,7,8/3/2020,254685,46496,41599,19335,6,0,13564,79,256,0.0,254,75885
7,8,9/3/2020,240252,50288,46339,25229,13,0,14434,98,337,0.0,352,90319
8,9,10/3/2020,224958,53783,51198,32169,13,0,15296,133,454,0.0,485,105615
9,10,11/3/2020,209752,56489,55910,39947,23,0,15209,145,575,0.0,630,120824
10,11,12/3/2020,194887,58047,60690,48469,28,0,14866,217,761,0.0,847,135690
11,12,13/3/2020,182808,56231,65179,57860,43,0,12086,256,977,0.0,1103,147776
12,13,14/3/2020,171054,53849,69176,67982,60,0,11758,279,1205,0.0,1382,159534
13,14,15/3/2020,159875,51100,72097,78974,75,0,11185,367,1509,0.0,1749,170719
14,15,16/3/2020,149192,48093,74228,90503,105,0,10684,390,1798,0.0,2139,181403
15,16,17/3/2020,142125,42494,74533,102842,127,0,7070,459,2143,0.0,2598,188473
16,17,18/3/2020,135211,37636,73672,115435,167,0,6916,467,2467,0.0,3065,195389
17,18,19/3/2020,128790,33489,71446,128184,212,0,6421,552,2857,0.0,3617,201810
18,19,20/3/2020,122731,29929,68213,140975,273,0,6062,593,3219,0.0,4210,207872
19,20,21/3/2020,120064,24166,63969,153581,341,0,2668,627,3582,0.0,4837,210540
20,21,22/3/2020,117620,19299,59105,165685,412,0,2444,678,3974,0.0,5515,212984
21,22,23/3/2020,115237,15599,53946,176824,515,0,2383,669,4276,0.0,6184,215367
22,23,24/3/2020,114586,11287,48490,187138,620,0,651,697,4587,0.0,6881,216018
23,24,25/3/2020,113935,8088,42854,196488,756,0,651,756,4883,0.0,7637,216669
24,25,26/3/2020,113291,5750,37168,205027,885,0,644,755,5143,0.0,8392,217313
25,26,27/3/2020,112634,4299,31737,212433,1018,0,658,672,5297,0.0,9064,217971
26,27,28/3/2020,111976,3513,26742,218723,1167,0,658,668,5394,0.0,9732,218629
27,28,29/3/2020,111373,3014,22353,224041,1340,0,603,613,5422,0.0,10345,219232
28,29,30/3/2020,110795,2668,18644,228500,1514,0,578,520,5270,0.0,10865,219810
29,30,31/3/2020,110260,2497,15501,232161,1702,0,535,500,5084,0.0,11365,220345
30,31,1/4/2020,109874,2225,13070,235054,1898,0,386,444,4868,0.0,11809,220731
31,32,2/4/2020,109479,1981,11164,237399,2098,0,395,379,4574,0.0,12188,221126
32,33,3/4/2020,109077,1817,9614,239290,2323,0,402,316,4205,0.0,12504,221528
33,34,4/4/2020,108757,1621,8348,240884,2511,0,320,285,3848,0.0,12789,221848
34,35,5/4/2020,108422,1530,7311,242173,2685,0,337,224,3463,0.0,13013,222185
35,36,6/4/2020,108151,1372,6442,243284,2872,0,271,181,3033,0.0,13194,222456
36,37,7/4/2020,107910,1212,5679,244264,3056,0,241,155,2666,0.0,13349,222697
37,38,8/4/2020,107703,1080,4992,245140,3206,0,207,116,2302,0.0,13465,222904
38,39,9/4/2020,107515,972,4360,245930,3344,0,188,86,1942,0.0,13551,223092
39,40,10/4/2020,107351,867,3803,246632,3468,0,164,73,1626,0.0,13624,223256
40,41,11/4/2020,107284,707,3302,247225,3603,0,68,67,1343,0.0,13691,223324
41,42,12/4/2020,107183,587,2870,247787,3694,0,101,58,1107,0.0,13749,223425
42,43,13/4/2020,107107,476,2496,248247,3795,0,76,58,917,0.0,13807,223501
43,44,14/4/2020,107042,399,2157,248664,3859,0,65,45,790,0.0,13852,223566
44,45,15/4/2020,106997,305,1880,249029,3910,0,45,27,662,0.0,13879,223611
45,46,16/4/2020,106938,278,1570,249374,3961,0,59,32,556,0.0,13911,223670
46,47,17/4/2020,106883,249,1339,249644,4006,0,56,34,477,0.0,13945,223726
47,48,18/4/2020,106848,218,1147,249860,4048,0,36,35,420,0.0,13980,223762
48,49,19/4/2020,106805,194,1006,250039,4077,0,44,24,357,0.0,14004,223806
49,50,20/4/2020,106777,167,877,250201,4099,0,28,17,311,0.0,14021,223834
50,51,21/4/2020,106762,136,764,250337,4122,0,15,25,280,0.0,14046,223849
51,52,22/4/2020,106742,118,669,250448,4144,0,21,20,248,0.0,14066,223870
52,53,23/4/2020,106723,97,579,250560,4162,0,19,16,216,0.0,14082,223889
53,54,24/4/2020,106705,83,504,250654,4175,0,18,17,199,0.0,14099,223907
54,55,25/4/2020,106689,68,441,250733,4190,0,16,10,176,0.0,14109,223923
55,56,26/4/2020,106681,52,395,250791,4202,0,8,13,165,0.0,14122,223931
56,57,27/4/2020,106673,47,329,250857,4215,0,10,9,138,0.0,14131,223941
57,58,28/4/2020,106666,45,281,250901,4228,0,7,9,124,0.0,14140,223948
58,59,29/4/2020,106662,36,234,250950,4239,0,4,6,103,0.0,14146,223952
59,60,30/4/2020,106654,32,203,250986,4246,0,8,7,97,0.0,14153,223960
60,61,1/5/2020,106653,24,173,251016,4255,0,1,4,84,0.0,14157,223961
61,62,2/5/2020,106646,25,147,251041,4262,0,7,2,69,0.0,14159,223968
62,63,3/5/2020,106647,18,123,251065,4268,0,0,1,54,0.0,14160,223968
63,64,4/5/2020,106644,15,101,251088,4273,0,3,2,44,0.0,14162,223971
64,65,5/5/2020,106642,15,75,251114,4275,0,4,2,36,0.0,14164,223975
65,66,6/5/2020,106640,14,60,251125,4282,0,2,0,28,0.0,14164,223977
66,67,7/5/2020,106640,8,56,251133,4284,0,0,1,24,0.0,14165,223977
67,68,8/5/2020,106639,6,49,251140,4287,0,1,2,22,0.0,14167,223978
68,69,9/5/2020,106637,5,44,251147,4288,0,2,2,20,0.0,14169,223980
69,70,10/5/2020,106635,5,39,251154,4288,0,2,1,17,0.0,14170,223982
70,71,11/5/2020,106634,5,35,251158,4289,0,1,0,15,0.0,14170,223983
71,72,12/5/2020,106634,4,28,251165,4290,0,0,0,12,0.0,14170,223983
72,73,13/5/2020,106634,4,23,251168,4292,0,0,0,9,0.0,14170,223983
73,74,14/5/2020,106634,3,24,251168,4292,0,1,0,9,0.0,14170,223984
74,75,15/5/2020,106632,4,21,251172,4292,0,2,1,8,0.0,14171,223986
75,76,16/5/2020,106632,3,15,251176,4295,0,0,2,6,0.0,14173,223986
76,77,17/5/2020,106633,2,10,251181,4295,0,0,0,3,0.0,14173,223986
77,78,18/5/2020,106632,2,10,251182,4295,0,1,1,3,0.0,14174,223987
78,79,19/5/2020,106631,2,10,251183,4295,0,1,0,2,0.0,14174,223988
79,80,20/5/2020,106631,1,9,251185,4295,0,0,1,3,0.0,14175,223988
80,81,21/5/2020,106631,2,8,251185,4295,0,1,0,3,0.0,14175,223989
81,82,22/5/2020,106631,2,6,251187,4295,0,0,0,3,0.0,14175,223989
82,83,23/5/2020,106632,1,7,251186,4295,0,0,0,3,0.0,14175,223989
83,84,24/5/2020,106636,1,5,251184,4295,0,0,0,3,0.0,14175,223989
84,85,25/5/2020,106637,2,5,251182,4295,0,1,0,3,0.0,14175,223990
85,86,26/5/2020,106639,1,6,251180,4295,0,0,0,3,0.0,14175,223990
86,87,27/5/2020,106641,0,6,251179,4295,0,0,1,3,0.0,14176,223990
87,88,28/5/2020,106644,0,4,251177,4296,0,0,0,1,0.0,14176,223990
88,89,29/5/2020,106645,0,3,251177,4296,0,0,0,1,0.0,14176,223990
89,90,30/5/2020,106645,0,3,251177,4296,0,0,0,1,0.0,14176,223990
90,91,31/5/2020,106645,0,3,251177,4296,0,0,0,1,0.0,14176,223990
91,92,1/6/2020,106646,0,3,251176,4296,0,0,0,1,0.0,14176,223990
92,93,2/6/2020,106648,1,3,251173,4296,0,1,0,1,0.0,14176,223991
93,94,3/6/2020,106651,2,3,251169,4296,0,1,0,1,0.0,14176,223992
94,95,4/6/2020,106655,4,2,251164,4296,0,2,0,1,0.0,14176,223994
95,96,5/6/2020,106659,7,1,251158,4296,0,3,1,1,0.0,14177,223997
96,97,6/6/2020,106662,11,2,251150,4296,0,5,0,1,0.0,14177,224002
97,98,7/6/2020,106663,13,4,251145,4296,0,4,0,1,0.0,14177,224006
98,99,8/6/2020,106666,7,11,251141,4296,0,1,0,1,0.0,14177,224007
99,100,9/6/2020,106666,11,13,251135,4296,0,6,0,1,0.0,14177,224013
