,#time,date,susceptible,exposed,infectious,recovered,dead,immune,num infections today,num hospitalisations today,hospital bed occupancy,num hospitalisations today (data),cum num hospitalisations today,cum num infections today
0,1,2/3/2020,333373,19703,7437,1779,2,0,7415,5,22,0.0,5,7415
1,2,3/3/2020,323771,25623,10363,2535,2,0,9602,8,29,0.0,13,17017
2,3,4/3/2020,311816,32589,14287,3600,2,0,11955,13,42,0.0,26,28972
3,4,5/3/2020,297867,40205,19139,5081,2,0,13949,11,52,0.0,37,42921
4,5,6/3/2020,282487,47362,25315,7126,4,0,15383,15,62,0.0,52,58304
5,6,7/3/2020,266428,53616,32334,9911,5,0,16061,27,85,0.0,79,74365
6,7,8/3/2020,250125,58312,40168,13682,7,0,16306,42,120,0.0,121,90671
7,8,9/3/2020,233500,61867,48339,18580,8,0,16628,71,185,0.0,192,107299
8,9,10/3/2020,216995,63939,56697,24654,9,0,16510,89,268,0.0,281,123809
9,10,11/3/2020,200417,65098,64384,32380,15,0,16580,143,400,0.0,424,140389
10,11,12/3/2020,184435,65226,71134,41482,17,0,15992,145,533,0.0,569,156381
11,12,13/3/2020,171884,61698,76686,52003,23,0,12557,205,716,0.0,774,168938
12,13,14/3/2020,159808,58040,80265,64147,34,0,12081,279,960,0.0,1053,181019
13,14,15/3/2020,148461,53941,82766,77084,42,0,11350,318,1220,0.0,1371,192369
14,15,16/3/2020,137924,49670,83957,90681,62,0,10542,400,1560,0.0,1771,202911
15,16,17/3/2020,131037,43099,83060,105018,80,0,6890,511,1993,0.0,2282,209801
16,17,18/3/2020,124404,37594,80560,119625,111,0,6636,586,2462,0.0,2868,216437
17,18,19/3/2020,118332,32932,76633,134240,157,0,6075,625,2924,0.0,3493,222512
18,19,20/3/2020,112755,28882,72217,148212,228,0,5578,679,3395,0.0,4172,228090
19,20,21/3/2020,110289,23110,66771,161827,297,0,2466,815,3950,0.0,4987,230556
20,21,22/3/2020,107940,18512,60905,174560,377,0,2349,880,4491,0.0,5867,232905
21,22,23/3/2020,105721,14794,55149,186161,469,0,2221,825,4963,0.0,6692,235126
22,23,24/3/2020,104992,10689,49224,196820,569,0,730,856,5427,0.0,7548,235856
23,24,25/3/2020,104351,7709,43182,206332,720,0,642,783,5712,0.0,8331,236498
24,25,26/3/2020,103694,5575,37394,214770,861,0,657,792,5945,0.0,9123,237155
25,26,27/3/2020,103066,4151,31902,222157,1018,0,628,746,6088,0.0,9869,237783
26,27,28/3/2020,102429,3337,26811,228494,1223,0,637,681,6095,0.0,10550,238420
27,28,29/3/2020,101805,2883,22516,233671,1419,0,624,639,6041,0.0,11189,239044
28,29,30/3/2020,101241,2610,18787,238026,1630,0,564,569,5842,0.0,11758,239608
29,30,31/3/2020,100715,2459,15705,241560,1855,0,526,542,5615,0.0,12300,240134
30,31,1/4/2020,100341,2144,13263,244456,2090,0,374,465,5322,0.0,12765,240508
31,32,2/4/2020,99897,2013,11301,246765,2318,0,444,378,4946,0.0,13143,240952
32,33,3/4/2020,99560,1785,9881,248516,2552,0,337,295,4530,0.0,13438,241289
33,34,4/4/2020,99244,1618,8531,250128,2773,0,317,255,4030,0.0,13693,241606
34,35,5/4/2020,98964,1458,7439,251466,2967,0,280,219,3595,0.0,13912,241886
35,36,6/4/2020,98697,1329,6439,252654,3175,0,267,179,3124,0.0,14091,242153
36,37,7/4/2020,98483,1166,5646,253650,3349,0,214,132,2703,0.0,14223,242367
37,38,8/4/2020,98303,996,4922,254545,3528,0,180,99,2289,0.0,14322,242547
38,39,9/4/2020,98135,868,4266,255339,3686,0,168,100,1909,0.0,14422,242715
39,40,10/4/2020,97990,775,3697,256008,3824,0,145,90,1615,0.0,14512,242860
40,41,11/4/2020,97904,665,3166,256619,3940,0,87,63,1358,0.0,14575,242947
41,42,12/4/2020,97815,555,2737,257152,4035,0,90,55,1146,0.0,14630,243037
42,43,13/4/2020,97743,462,2366,257597,4126,0,73,45,956,0.0,14675,243110
43,44,14/4/2020,97666,374,2052,257994,4208,0,77,35,781,0.0,14710,243187
44,45,15/4/2020,97618,317,1733,258354,4272,0,48,33,640,0.0,14743,243235
45,46,16/4/2020,97574,271,1462,258648,4339,0,44,38,538,0.0,14781,243279
46,47,17/4/2020,97539,231,1219,258911,4394,0,35,31,443,0.0,14812,243314
47,48,18/4/2020,97504,166,1070,259119,4435,0,35,30,383,0.0,14842,243349
48,49,19/4/2020,97474,148,926,259283,4463,0,30,23,334,0.0,14865,243379
49,50,20/4/2020,97443,139,785,259441,4486,0,31,21,294,0.0,14886,243410
50,51,21/4/2020,97427,128,659,259574,4506,0,16,24,256,0.0,14910,243426
51,52,22/4/2020,97409,115,561,259682,4527,0,18,11,219,0.0,14921,243444
52,53,23/4/2020,97393,94,493,259776,4538,0,16,7,193,0.0,14928,243460
53,54,24/4/2020,97384,79,425,259849,4557,0,9,7,167,0.0,14935,243469
54,55,25/4/2020,97369,63,368,259924,4570,0,16,7,138,0.0,14942,243485
55,56,26/4/2020,97362,50,326,259976,4580,0,9,13,131,0.0,14955,243494
56,57,27/4/2020,97357,40,268,260032,4597,0,5,4,100,0.0,14959,243499
57,58,28/4/2020,97347,42,225,260071,4609,0,12,5,84,0.0,14964,243511
58,59,29/4/2020,97342,41,192,260102,4617,0,5,2,69,0.0,14966,243516
59,60,30/4/2020,97341,31,169,260132,4621,0,1,8,65,0.0,14974,243517
60,61,1/5/2020,97340,14,160,260155,4625,0,1,1,59,0.0,14975,243518
61,62,2/5/2020,97340,8,138,260178,4630,0,0,7,56,0.0,14982,243518
62,63,3/5/2020,97338,7,121,260194,4634,0,2,4,51,0.0,14986,243520
63,64,4/5/2020,97335,8,102,260213,4636,0,3,1,45,0.0,14987,243523
64,65,5/5/2020,97332,8,87,260228,4639,0,3,2,41,0.0,14989,243526
65,66,6/5/2020,97332,7,75,260238,4642,0,0,5,42,0.0,14994,243526
66,67,7/5/2020,97330,7,61,260247,4649,0,2,2,35,0.0,14996,243528
67,68,8/5/2020,97330,3,57,260253,4651,0,0,1,32,0.0,14997,243528
68,69,9/5/2020,97329,3,45,260264,4653,0,1,2,26,0.0,14999,243529
69,70,10/5/2020,97329,2,37,260269,4657,0,0,1,20,0.0,15000,243529
70,71,11/5/2020,97327,4,31,260274,4658,0,2,1,16,0.0,15001,243531
71,72,12/5/2020,97326,4,28,260277,4659,0,1,1,16,0.0,15002,243532
72,73,13/5/2020,97325,4,24,260281,4660,0,1,0,15,0.0,15002,243533
73,74,14/5/2020,97324,3,19,260285,4663,0,1,0,11,0.0,15002,243534
74,75,15/5/2020,97324,2,16,260288,4664,0,0,0,10,0.0,15002,243534
75,76,16/5/2020,97324,2,15,260288,4665,0,0,0,9,0.0,15002,243534
76,77,17/5/2020,97323,3,12,260289,4667,0,1,0,6,0.0,15002,243535
77,78,18/5/2020,97323,3,9,260291,4668,0,0,1,4,0.0,15003,243535
78,79,19/5/2020,97323,4,7,260291,4669,0,1,0,3,0.0,15003,243536
79,80,20/5/2020,97323,4,7,260290,4670,0,1,0,2,0.0,15003,243537
80,81,21/5/2020,97325,2,7,260290,4670,0,0,0,1,0.0,15003,243537
81,82,22/5/2020,97325,2,6,260291,4670,0,0,0,1,0.0,15003,243537
82,83,23/5/2020,97325,1,5,260293,4670,0,0,0,1,0.0,15003,243537
83,84,24/5/2020,97328,1,5,260290,4670,0,0,0,1,0.0,15003,243537
84,85,25/5/2020,97330,0,5,260288,4671,0,0,0,0,0.0,15003,243537
85,86,26/5/2020,97334,0,4,260285,4671,0,0,0,0,0.0,15003,243537
86,87,27/5/2020,97334,0,3,260286,4671,0,0,0,0,0.0,15003,243537
87,88,28/5/2020,97334,0,3,260286,4671,0,0,0,0,0.0,15003,243537
88,89,29/5/2020,97337,0,3,260283,4671,0,0,1,1,0.0,15004,243537
89,90,30/5/2020,97338,1,1,260283,4671,0,1,0,1,0.0,15004,243538
90,91,31/5/2020,97339,1,1,260282,4671,0,0,0,1,0.0,15004,243538
91,92,1/6/2020,97341,3,1,260278,4671,0,2,0,1,0.0,15004,243540
92,93,2/6/2020,97343,4,2,260274,4671,0,2,0,1,0.0,15004,243542
93,94,3/6/2020,97347,6,3,260267,4671,0,3,0,1,0.0,15004,243545
94,95,4/6/2020,97349,8,4,260262,4671,0,3,0,1,0.0,15004,243548
95,96,5/6/2020,97354,9,5,260255,4671,0,2,0,1,0.0,15004,243550
96,97,6/6/2020,97359,9,6,260249,4671,0,1,0,1,0.0,15004,243551
97,98,7/6/2020,97360,7,10,260246,4671,0,2,0,1,0.0,15004,243553
98,99,8/6/2020,97365,8,11,260239,4671,0,3,0,0,0.0,15004,243556
99,100,9/6/2020,97373,8,11,260231,4671,0,2,0,0,0.0,15004,243558
