,#time,date,susceptible,exposed,infectious,recovered,dead,immune,num infections today,num hospitalisations today,hospital bed occupancy,num hospitalisations today (data),cum num hospitalisations today,cum num infections today
0,1,2/3/2020,324106,25007,10398,2293,0,0,8556,3,20,0.0,3,8556
1,2,3/3/2020,314319,29946,14243,3296,0,0,9787,11,30,0.0,14,18343
2,3,4/3/2020,303888,34203,18955,4757,1,0,10431,15,43,0.0,29,28774
3,4,5/3/2020,292825,37823,24377,6778,1,0,11064,26,69,0.0,55,39838
4,5,6/3/2020,281155,41104,29976,9567,2,0,11672,33,98,0.0,88,51510
5,6,7/3/2020,268268,44535,35732,13267,2,0,12888,48,142,0.0,136,64398
6,7,8/3/2020,254273,48289,41251,17988,3,0,13996,73,212,0.0,209,78394
7,8,9/3/2020,239619,51791,46685,23704,5,0,14657,77,281,0.0,286,93051
8,9,10/3/2020,224161,55224,52153,30261,5,0,15462,138,415,0.0,424,108513
9,10,11/3/2020,208056,58536,57161,38042,9,0,16109,156,558,0.0,580,124622
10,11,12/3/2020,192072,60853,62185,46676,18,0,15986,187,718,0.0,767,140608
11,12,13/3/2020,179358,59064,67181,56174,27,0,12720,224,906,0.0,991,153328
12,13,14/3/2020,166749,56795,71754,66469,37,0,12614,290,1148,0.0,1281,165942
13,14,15/3/2020,155029,53894,75227,77602,52,0,11726,354,1432,0.0,1635,177668
14,15,16/3/2020,143994,50717,77421,89599,73,0,11038,377,1715,0.0,2012,188706
15,16,17/3/2020,136808,44513,78014,102373,96,0,7190,423,2037,0.0,2435,195896
16,17,18/3/2020,130048,39042,76854,115734,126,0,6763,517,2419,0.0,2952,202659
17,18,19/3/2020,123786,34025,74572,129251,170,0,6263,519,2755,0.0,3471,208922
18,19,20/3/2020,117973,30018,71007,142581,225,0,5813,643,3179,0.0,4114,214735
19,20,21/3/2020,115348,24108,66426,155629,293,0,2625,675,3581,0.0,4789,217360
20,21,22/3/2020,112953,19228,61267,167987,369,0,2396,727,4017,0.0,5516,219756
21,22,23/3/2020,110736,15366,55411,179837,454,0,2217,717,4404,0.0,6233,221973
22,23,24/3/2020,110080,10977,49382,190800,565,0,656,756,4762,0.0,6989,222629
23,24,25/3/2020,109445,7829,43351,200508,671,0,637,763,5100,0.0,7752,223266
24,25,26/3/2020,108779,5596,37499,209103,827,0,666,725,5322,0.0,8477,223932
25,26,27/3/2020,108169,4215,31777,216646,997,0,610,729,5494,0.0,9206,224542
26,27,28/3/2020,107588,3372,26665,223017,1162,0,581,642,5543,0.0,9848,225123
27,28,29/3/2020,107025,2820,22159,228442,1358,0,563,685,5583,0.0,10533,225686
28,29,30/3/2020,106477,2475,18470,232837,1545,0,548,586,5484,0.0,11119,226234
29,30,31/3/2020,105973,2290,15425,236390,1726,0,504,483,5333,0.0,11602,226738
30,31,1/4/2020,105591,2057,12939,239260,1957,0,382,423,5047,0.0,12025,227120
31,32,2/4/2020,105194,1900,11013,241526,2171,0,397,397,4756,0.0,12422,227517
32,33,3/4/2020,104842,1760,9490,243326,2386,0,353,331,4374,0.0,12753,227870
33,34,4/4/2020,104482,1651,8177,244896,2598,0,360,283,3994,0.0,13036,228230
34,35,5/4/2020,104220,1466,7217,246104,2797,0,262,191,3533,0.0,13227,228492
35,36,6/4/2020,103967,1292,6359,247204,2982,0,255,169,3119,0.0,13396,228747
36,37,7/4/2020,103765,1143,5471,248232,3193,0,203,130,2648,0.0,13526,228950
37,38,8/4/2020,103573,1025,4774,249086,3346,0,192,103,2260,0.0,13629,229142
38,39,9/4/2020,103399,913,4131,249846,3515,0,174,82,1867,0.0,13711,229316
39,40,10/4/2020,103270,761,3605,250519,3649,0,129,78,1563,0.0,13789,229445
40,41,11/4/2020,103200,618,3029,251185,3772,0,70,47,1261,0.0,13836,229515
41,42,12/4/2020,103115,530,2563,251741,3855,0,85,50,1029,0.0,13886,229600
42,43,13/4/2020,103045,432,2226,252167,3934,0,70,46,851,0.0,13932,229670
43,44,14/4/2020,102975,375,1885,252572,3997,0,70,35,712,0.0,13967,229740
44,45,15/4/2020,102930,304,1612,252916,4042,0,45,34,591,0.0,14001,229785
45,46,16/4/2020,102883,246,1395,253186,4094,0,47,27,492,0.0,14028,229832
46,47,17/4/2020,102839,216,1167,253443,4139,0,44,26,402,0.0,14054,229876
47,48,18/4/2020,102805,198,973,253654,4174,0,34,22,348,0.0,14076,229910
48,49,19/4/2020,102772,176,847,253812,4197,0,33,22,304,0.0,14098,229943
49,50,20/4/2020,102746,145,737,253951,4225,0,26,18,265,0.0,14116,229969
50,51,21/4/2020,102737,112,623,254090,4242,0,9,17,226,0.0,14133,229978
51,52,22/4/2020,102725,94,537,254192,4256,0,13,18,211,0.0,14151,229991
52,53,23/4/2020,102718,61,488,254263,4274,0,7,16,186,0.0,14167,229998
53,54,24/4/2020,102697,66,416,254341,4284,0,21,8,160,0.0,14175,230019
54,55,25/4/2020,102689,53,359,254403,4300,0,8,15,143,0.0,14190,230027
55,56,26/4/2020,102675,54,300,254466,4309,0,14,10,131,0.0,14200,230041
56,57,27/4/2020,102664,49,255,254517,4319,0,11,4,117,0.0,14204,230052
57,58,28/4/2020,102658,44,213,254558,4331,0,6,6,97,0.0,14210,230058
58,59,29/4/2020,102657,33,181,254594,4339,0,1,3,86,0.0,14213,230059
59,60,30/4/2020,102653,27,153,254625,4346,0,4,1,66,0.0,14214,230063
60,61,1/5/2020,102651,22,122,254657,4352,0,2,1,51,0.0,14215,230065
61,62,2/5/2020,102647,14,110,254677,4356,0,4,4,45,0.0,14219,230069
62,63,3/5/2020,102645,13,96,254690,4360,0,2,1,40,0.0,14220,230071
63,64,4/5/2020,102644,9,78,254706,4367,0,1,2,27,0.0,14222,230072
64,65,5/5/2020,102642,7,69,254716,4370,0,2,4,26,0.0,14226,230074
65,66,6/5/2020,102640,8,56,254729,4371,0,2,3,24,0.0,14229,230076
66,67,7/5/2020,102639,7,45,254740,4373,0,1,2,23,0.0,14231,230077
67,68,8/5/2020,102639,5,36,254750,4374,0,0,1,20,0.0,14232,230077
68,69,9/5/2020,102639,3,31,254755,4376,0,0,1,17,0.0,14233,230077
69,70,10/5/2020,102640,2,31,254755,4376,0,0,0,17,0.0,14233,230077
70,71,11/5/2020,102639,3,26,254760,4376,0,2,0,15,0.0,14233,230079
71,72,12/5/2020,102637,5,21,254765,4376,0,3,0,12,0.0,14233,230082
72,73,13/5/2020,102637,4,20,254766,4377,0,0,0,11,0.0,14233,230082
73,74,14/5/2020,102637,3,17,254769,4378,0,0,1,9,0.0,14234,230082
74,75,15/5/2020,102637,2,15,254772,4378,0,0,0,7,0.0,14234,230082
75,76,16/5/2020,102637,2,14,254773,4378,0,0,1,8,0.0,14235,230082
76,77,17/5/2020,102636,2,14,254774,4378,0,1,1,8,0.0,14236,230083
77,78,18/5/2020,102637,2,11,254775,4379,0,0,0,7,0.0,14236,230083
78,79,19/5/2020,102637,2,8,254778,4379,0,0,1,6,0.0,14237,230083
79,80,20/5/2020,102638,1,8,254778,4379,0,0,0,6,0.0,14237,230083
80,81,21/5/2020,102640,1,7,254777,4379,0,0,0,6,0.0,14237,230083
81,82,22/5/2020,102640,1,6,254778,4379,0,0,0,5,0.0,14237,230083
82,83,23/5/2020,102640,1,6,254778,4379,0,0,0,5,0.0,14237,230083
83,84,24/5/2020,102639,2,5,254778,4380,0,1,0,4,0.0,14237,230084
84,85,25/5/2020,102643,1,4,254776,4380,0,0,0,2,0.0,14237,230084
85,86,26/5/2020,102644,0,2,254778,4380,0,0,0,2,0.0,14237,230084
86,87,27/5/2020,102644,1,2,254777,4380,0,1,0,2,0.0,14237,230085
87,88,28/5/2020,102644,1,2,254777,4380,0,0,0,2,0.0,14237,230085
88,89,29/5/2020,102646,1,2,254775,4380,0,0,0,2,0.0,14237,230085
89,90,30/5/2020,102649,1,2,254772,4380,0,0,0,2,0.0,14237,230085
90,91,31/5/2020,102653,1,1,254769,4380,0,0,0,2,0.0,14237,230085
91,92,1/6/2020,102654,1,1,254768,4380,0,0,0,2,0.0,14237,230085
92,93,2/6/2020,102657,2,2,254763,4380,0,2,0,2,0.0,14237,230087
93,94,3/6/2020,102656,6,2,254760,4380,0,4,0,2,0.0,14237,230091
94,95,4/6/2020,102660,5,5,254754,4380,0,2,0,2,0.0,14237,230093
95,96,5/6/2020,102662,7,6,254749,4380,0,3,0,2,0.0,14237,230096
96,97,6/6/2020,102667,9,6,254742,4380,0,2,0,2,0.0,14237,230098
97,98,7/6/2020,102673,9,5,254737,4380,0,1,0,1,0.0,14237,230099
98,99,8/6/2020,102675,8,7,254734,4380,0,1,0,1,0.0,14237,230100
99,100,9/6/2020,102685,9,8,254722,4380,0,2,0,1,0.0,14237,230102
