,Unnamed: 0,#time,date,susceptible,exposed,infectious,recovered,dead,immune,num infections today,num hospitalisations today,hospital bed occupancy,num hospitalisations today (data),cum num hospitalisations today,cum num infections today
0,0,1,2/3/2020,318278,30583,11225,2389,0,0,11190,9,32,0,9,11190
1,1,2,3/3/2020,304401,38702,15919,3453,0,0,13878,7,39,0,16,25068
2,2,3,4/3/2020,288683,46797,21984,5011,0,0,15722,15,52,0,31,40790
3,3,4,5/3/2020,272587,53388,29305,7194,1,0,16098,24,75,0,55,56888
4,4,5,6/3/2020,257501,57075,37514,10384,1,0,15088,32,100,0,87,71976
5,5,6,7/3/2020,243358,58215,46293,14607,2,0,14144,56,152,0,143,86120
6,6,7,8/3/2020,229550,58042,54641,20238,4,0,13811,79,226,0,222,99931
7,7,8,9/3/2020,215271,57913,61786,27498,7,0,14281,114,328,0,336,114212
8,8,9,10/3/2020,200702,58014,67611,36136,12,0,14574,154,467,0,490,128786
9,9,10,11/3/2020,186471,57780,71883,46323,18,0,14232,223,668,0,713,143018
10,10,11,12/3/2020,172673,57064,74776,57939,23,0,13806,239,880,0,952,156824
11,11,12,13/3/2020,161309,54223,76694,70216,33,0,11371,317,1158,0,1269,168195
12,12,13,14/3/2020,150460,51092,77764,83111,48,0,10852,392,1491,0,1661,179047
13,13,14,15/3/2020,140135,47977,78009,96295,59,0,10330,461,1868,0,2122,189377
14,14,15,16/3/2020,130504,44752,77241,109896,82,0,9632,533,2299,0,2655,199009
15,15,16,17/3/2020,124073,39164,75805,123313,120,0,6432,574,2738,0,3229,205441
16,16,17,18/3/2020,118059,34290,73184,136782,160,0,6016,689,3264,0,3918,211457
17,17,18,19/3/2020,112520,29873,70065,149801,216,0,5543,716,3772,0,4634,217000
18,18,19,20/3/2020,107293,26303,66100,162490,289,0,5228,773,4254,0,5407,222228
19,19,20,21/3/2020,104986,21234,61218,174676,361,0,2308,742,4663,0,6149,224536
20,20,21,22/3/2020,102932,16862,56380,185842,459,0,2054,781,5071,0,6930,226590
21,21,22,23/3/2020,100855,13529,51158,196335,598,0,2078,811,5390,0,7741,228668
22,22,23,24/3/2020,100208,10003,45379,206156,729,0,648,745,5646,0,8486,229316
23,23,24,25/3/2020,99533,7316,39831,214902,893,0,675,747,5812,0,9233,229991
24,24,25,26/3/2020,98886,5391,34245,222872,1081,0,648,691,5851,0,9924,230639
25,25,26,27/3/2020,98274,4105,29161,229665,1270,0,614,639,5774,0,10563,231253
26,26,27,28/3/2020,97683,3239,24635,235483,1435,0,591,595,5693,0,11158,231844
27,27,28,29/3/2020,97122,2756,20523,240432,1642,0,561,588,5581,0,11746,232405
28,28,29,30/3/2020,96635,2441,17044,244463,1892,0,487,508,5325,0,12254,232892
29,29,30,31/3/2020,96175,2219,14305,247681,2095,0,460,464,5077,0,12718,233352
30,30,31,1/4/2020,95845,1940,12087,250282,2321,0,331,424,4762,0,13142,233683
31,31,32,2/4/2020,95487,1762,10233,252425,2568,0,358,359,4411,0,13501,234041
32,32,33,3/4/2020,95140,1628,8824,254111,2772,0,347,280,4045,0,13781,234388
33,33,34,4/4/2020,94832,1496,7668,255502,2977,0,308,240,3629,0,14021,234696
34,34,35,5/4/2020,94604,1323,6658,256717,3173,0,228,202,3222,0,14223,234924
35,35,36,6/4/2020,94367,1190,5845,257739,3334,0,237,164,2845,0,14387,235161
36,36,37,7/4/2020,94187,1028,5154,258615,3491,0,180,145,2511,0,14532,235341
37,37,38,8/4/2020,94005,902,4464,259466,3638,0,182,116,2167,0,14648,235523
38,38,39,9/4/2020,93865,794,3855,260193,3768,0,140,90,1832,0,14738,235663
39,39,40,10/4/2020,93734,690,3348,260814,3889,0,131,56,1517,0,14794,235794
40,40,41,11/4/2020,93676,570,2846,261370,4013,0,58,43,1248,0,14837,235852
41,41,42,12/4/2020,93590,482,2450,261835,4118,0,86,50,1025,0,14887,235938
42,42,43,13/4/2020,93504,413,2125,262240,4193,0,86,35,844,0,14922,236024
43,43,44,14/4/2020,93446,346,1817,262604,4262,0,58,33,694,0,14955,236082
44,44,45,15/4/2020,93399,297,1527,262928,4324,0,47,35,574,0,14990,236129
45,45,46,16/4/2020,93371,232,1294,263205,4373,0,29,15,462,0,15005,236158
46,46,47,17/4/2020,93338,198,1099,263430,4410,0,33,26,376,0,15031,236191
47,47,48,18/4/2020,93319,162,915,263641,4438,0,19,27,320,0,15058,236210
48,48,49,19/4/2020,93303,124,801,263791,4456,0,17,24,289,0,15082,236227
49,49,50,20/4/2020,93292,98,678,263928,4479,0,11,18,248,0,15100,236238
50,50,51,21/4/2020,93286,74,595,264025,4495,0,6,14,227,0,15114,236244
51,51,52,22/4/2020,93275,62,502,264125,4511,0,11,14,201,0,15128,236255
52,52,53,23/4/2020,93262,51,423,264215,4524,0,13,17,185,0,15145,236268
53,53,54,24/4/2020,93256,41,351,264286,4541,0,6,10,161,0,15155,236274
54,54,55,25/4/2020,93242,39,294,264344,4556,0,14,9,135,0,15164,236288
55,55,56,26/4/2020,93234,41,253,264380,4567,0,9,9,125,0,15173,236297
56,56,57,27/4/2020,93231,33,217,264413,4581,0,3,9,112,0,15182,236300
57,57,58,28/4/2020,93223,30,184,264443,4595,0,8,7,96,0,15189,236308
58,58,59,29/4/2020,93217,28,155,264471,4604,0,6,3,81,0,15192,236314
59,59,60,30/4/2020,93215,22,130,264495,4613,0,3,4,68,0,15196,236317
60,60,61,1/5/2020,93215,17,114,264512,4617,0,0,3,64,0,15199,236317
61,61,62,2/5/2020,93211,19,99,264526,4620,0,4,0,56,0,15199,236321
62,62,63,3/5/2020,93211,12,87,264541,4624,0,0,0,45,0,15199,236321
63,63,64,4/5/2020,93208,13,71,264556,4627,0,3,2,40,0,15201,236324
64,64,65,5/5/2020,93205,12,58,264568,4632,0,3,0,29,0,15201,236327
65,65,66,6/5/2020,93204,10,44,264580,4637,0,1,1,22,0,15202,236328
66,66,67,7/5/2020,93200,11,38,264587,4639,0,4,1,18,0,15203,236332
67,67,68,8/5/2020,93200,7,30,264595,4643,0,0,1,12,0,15204,236332
68,68,69,9/5/2020,93200,2,29,264599,4645,0,0,2,11,0,15206,236332
69,69,70,10/5/2020,93199,2,27,264602,4645,0,1,0,11,0,15206,236333
70,70,71,11/5/2020,93197,4,22,264606,4646,0,2,0,9,0,15206,236335
71,71,72,12/5/2020,93196,5,19,264608,4647,0,2,0,7,0,15206,236337
72,72,73,13/5/2020,93196,5,18,264608,4648,0,0,0,6,0,15206,236337
73,73,74,14/5/2020,93196,3,19,264609,4648,0,0,0,6,0,15206,236337
74,74,75,15/5/2020,93197,3,12,264614,4649,0,0,0,3,0,15206,236337
75,75,76,16/5/2020,93197,2,11,264615,4650,0,1,2,4,0,15208,236338
76,76,77,17/5/2020,93197,2,7,264619,4650,0,0,0,3,0,15208,236338
77,77,78,18/5/2020,93198,0,7,264620,4650,0,0,0,3,0,15208,236338
78,78,79,19/5/2020,93199,0,5,264621,4650,0,0,0,3,0,15208,236338
79,79,80,20/5/2020,93199,0,4,264621,4651,0,0,0,2,0,15208,236338
80,80,81,21/5/2020,93202,0,4,264618,4651,0,0,0,2,0,15208,236338
81,81,82,22/5/2020,93203,0,3,264618,4651,0,0,0,1,0,15208,236338
82,82,83,23/5/2020,93204,1,2,264617,4651,0,1,0,1,0,15208,236339
83,83,84,24/5/2020,93205,1,1,264617,4651,0,0,0,1,0,15208,236339
84,84,85,25/5/2020,93205,2,2,264615,4651,0,2,0,1,0,15208,236341
85,85,86,26/5/2020,93206,2,2,264614,4651,0,0,0,1,0,15208,236341
86,86,87,27/5/2020,93208,1,2,264613,4651,0,0,0,1,0,15208,236341
87,87,88,28/5/2020,93208,1,2,264613,4651,0,0,0,1,0,15208,236341
88,88,89,29/5/2020,93211,1,1,264611,4651,0,0,0,1,0,15208,236341
89,89,90,30/5/2020,93214,0,2,264608,4651,0,0,0,1,0,15208,236341
90,90,91,31/5/2020,93216,0,1,264607,4651,0,0,0,1,0,15208,236341
91,91,92,1/6/2020,93219,0,1,264604,4651,0,0,0,1,0,15209,236341
92,92,93,2/6/2020,93221,0,0,264603,4651,0,0,0,1,0,15210,236341
93,93,94,3/6/2020,93221,3,0,264600,4651,0,3,0,1,0,15211,236341
94,94,95,4/6/2020,93221,6,0,264597,4651,0,3,0,1,0,15212,236341
95,95,96,5/6/2020,93219,8,0,264597,4651,0,2,0,1,0,15213,236341
96,96,97,6/6/2020,93225,9,1,264589,4651,0,2,0,1,0,15214,236341
97,97,98,7/6/2020,93230,10,3,264581,4651,0,3,0,1,0,15215,236341
98,98,99,8/6/2020,93236,10,7,264571,4651,0,4,0,1,0,15216,236341
99,99,100,9/6/2020,93243,8,9,264564,4651,0,1,0,1,0,15217,236341
